              precision    recall  f1-score   support

       B0_F0      0.717     0.551     0.623        78
       B0_F1      0.910     0.779     0.839       208
       B0_F2      0.786     0.733     0.759       165
       B0_F3      0.833     0.765     0.798        85
       B1_F0      0.571     0.533     0.552        30
       B1_F1      0.964     0.378     0.543       143
       B1_F2      0.307     0.989     0.469        87
       B1_F3      0.889     0.511     0.649        47
       B2_F0      0.895     0.708     0.791        24
       B2_F1      0.850     0.865     0.857       111
       B2_F2      0.765     0.481     0.591        54
       B2_F3      0.509     0.675     0.581        40
       B2_F4      0.839     0.667     0.743        39

    accuracy                          0.687      1111
   macro avg      0.757     0.664     0.676      1111
weighted avg      0.792     0.687     0.702      1111
