              precision    recall  f1-score   support

       B0_F0      0.745     0.897     0.814        78
       B0_F1      0.924     0.764     0.837       208
       B0_F2      0.777     0.842     0.808       165
       B0_F3      0.648     0.671     0.659        85
       B1_F0      0.875     0.700     0.778        30
       B1_F1      0.959     0.650     0.775       143
       B1_F2      0.574     0.851     0.685        87
       B1_F3      0.741     0.915     0.819        47
       B2_F0      0.917     0.917     0.917        24
       B2_F1      0.881     0.937     0.908       111
       B2_F2      0.897     0.648     0.753        54
       B2_F3      0.623     0.950     0.752        40
       B2_F4      0.964     0.692     0.806        39

    accuracy                          0.794      1111
   macro avg      0.810     0.803     0.793      1111
weighted avg      0.821     0.794     0.796      1111
