              precision    recall  f1-score   support

       B0_F0      0.986     0.936     0.961        78
       B0_F1      0.953     0.971     0.962       208
       B0_F2      0.930     0.964     0.946       165
       B0_F3      0.987     0.894     0.938        85
       B1_F0      0.656     0.700     0.677        30
       B1_F1      0.959     0.650     0.775       143
       B1_F2      0.849     0.908     0.878        87
       B1_F3      0.815     0.936     0.871        47
       B2_F0      0.440     0.917     0.595        24
       B2_F1      0.947     0.973     0.960       111
       B2_F2      0.957     0.815     0.880        54
       B2_F3      0.636     0.875     0.737        40
       B2_F4      0.861     0.795     0.827        39

    accuracy                          0.888      1111
   macro avg      0.844     0.872     0.847      1111
weighted avg      0.907     0.888     0.891      1111
