              precision    recall  f1-score   support

       B0_F0      0.918     0.859     0.887        78
       B0_F1      0.940     0.899     0.919       208
       B0_F2      0.869     0.964     0.914       165
       B0_F3      0.987     0.882     0.932        85
       B1_F0      0.472     0.833     0.602        30
       B1_F1      0.950     0.671     0.787       143
       B1_F2      0.762     0.920     0.833        87
       B1_F3      0.811     0.915     0.860        47
       B2_F0      0.957     0.917     0.936        24
       B2_F1      0.947     0.973     0.960       111
       B2_F2      0.940     0.870     0.904        54
       B2_F3      0.878     0.900     0.889        40
       B2_F4      0.875     0.897     0.886        39

    accuracy                          0.882      1111
   macro avg      0.870     0.885     0.870      1111
weighted avg      0.897     0.882     0.884      1111
