              precision    recall  f1-score   support

       B0_F0      0.523     0.744     0.614        78
       B0_F1      0.595     0.663     0.627       208
       B0_F2      0.536     0.406     0.462       165
       B0_F3      0.723     0.553     0.627        85
       B1_F0      0.656     0.700     0.677        30
       B1_F1      0.900     0.629     0.741       143
       B1_F2      0.527     0.793     0.633        87
       B1_F3      0.651     0.596     0.622        47
       B2_F0      0.256     0.833     0.392        24
       B2_F1      0.831     0.577     0.681       111
       B2_F2      0.610     0.463     0.526        54
       B2_F3      0.429     0.225     0.295        40
       B2_F4      0.582     0.821     0.681        39

    accuracy                          0.601      1111
   macro avg      0.601     0.616     0.583      1111
weighted avg      0.639     0.601     0.603      1111
