              precision    recall  f1-score   support

       B0_F0      0.508     0.859     0.638        78
       B0_F1      0.796     0.601     0.685       208
       B0_F2      0.718     0.818     0.765       165
       B0_F3      0.923     0.565     0.701        85
       B1_F0      0.551     0.900     0.684        30
       B1_F1      0.940     0.769     0.846       143
       B1_F2      0.705     0.713     0.709        87
       B1_F3      0.719     0.872     0.788        47
       B2_F0      0.404     0.875     0.553        24
       B2_F1      0.885     0.766     0.821       111
       B2_F2      0.833     0.648     0.729        54
       B2_F3      0.688     0.825     0.750        40
       B2_F4      0.909     0.769     0.833        39

    accuracy                          0.737      1111
   macro avg      0.737     0.768     0.731      1111
weighted avg      0.778     0.737     0.742      1111
