              precision    recall  f1-score   support

       B0_F0      0.937     0.949     0.943        78
       B0_F1      0.976     0.966     0.971       208
       B0_F2      0.964     0.976     0.970       165
       B0_F3      1.000     0.976     0.988        85
       B1_F0      0.957     0.733     0.830        30
       B1_F1      0.960     0.671     0.790       143
       B1_F2      0.609     0.966     0.747        87
       B1_F3      0.915     0.915     0.915        47
       B2_F0      0.917     0.917     0.917        24
       B2_F1      0.973     0.991     0.982       111
       B2_F2      0.979     0.870     0.922        54
       B2_F3      0.709     0.975     0.821        40
       B2_F4      0.964     0.692     0.806        39

    accuracy                          0.908      1111
   macro avg      0.912     0.892     0.892      1111
weighted avg      0.928     0.908     0.909      1111
